	743949
	582882
	575545
	466908
	413788
	368155
	306103
	281922
	254385
	244017
	237419
	217948
	207921
	173407
	145669
Ȫ	140157
	129851
	128103
	115341
	110463
	108414
	88137
	83613
	66765
	64589
ʪ	61762
	61090
	57360
	57041
	56038
	49586
	48594
	47470
	46989
	46894
ǁ	46829
	46299
	45733
	45394
ʪ	43418
	42427
ʘ	42422
	40860
	39903
	39784
ʪ	38807
	38482
	37533
	37351
	36801
	36725
	34818
	34212
	34143
ǁ	33693
	33589
	33424
	33032
	32246
	32228
ʪ	31627
	31361
	31279
	30962
	30623
	30164
	29541
	29528
	29415
	29272
	28965
ǐ	28729
	28345
͘	28332
	28236
	27535
	27265
	26341
	26218
	25881
	25044
	24486
	24242
	24185
	24102
	23927
	22284
	21801
	21641
	21568
	21425
	20853
	20564
	20301
	20261
	20095
	19942
	19935
	19820
	19654
	19575
	19398
	19203
	19140
	19080
	19032
	18573
	18454
	18238
Ә	18132
	17960
	17951
	17870
	17856
	17644
	17615
	17374
	17315
	16822
	16475
	16230
	16169
	15957
	15906
	15727
	15569
	15557
	15494
	15436
ǘ	15370
	15262
	15136
	15103
	15060
	14970
	14892
	14881
	14811
	14694
	14434
	14250
	14227
	14043
	14000
	13987
	13858
	13775
	13730
	13701
	13697
	13692
	13575
	13403
	13393
	13287
	13283
ϐ	13271
	13202
	13186
	13123
	13090
	13089
	13014
	13000
	12977
	12921
ǘ	12863
	12767
	12749
	12604
	12459
	12431
Ț	12409
	12394
̪	12353
	12310
	12285
	12236
	12236
	12230
	12221
	12213
	12200
	12199
	12040
Ә	12034
	11990
	11973
	11902
ǟ	11692
	11631
	11618
	11590
	11538
	11500
	11309
	11234
Ә	11225
	11152
	11132
Ț	11090
ј	11087
	11073
	11070
ǘ	10910
ǟ	10900
	10866
	10775
	10756
	10669
	10570
Ә	10490
	10468
	10449
	10387
	10355
ȍ	10350
	10313
	10312
	10245
ǁ	10241
ȍ	10210
	10191
	10139
	10067
	10033
	9973
	9803
	9757
	9743
	9708
	9568
ӊ	9559
	9526
ǟ	9483
	9446
	9441
	9333
	9322
	9318
	9307
	9300
	9272
	9238
	9172
	9122
	9105
	9057
	9050
Ȫ	8927
	8894
	8865
	8818
	8769
	8665
	8617
	8592
	8556
	8530
	8517
	8500
	8473
	8460
ъ	8454
	8444
	8359
	8344
	8317
	8311
	8303
	8296
	8279
	8206
	8181
	8153
Ȫ	8144
	8140
	8052
	8049
	8000
	7977
ǘ	7963
	7877
̐	7864
	7841
	7831
	7825
	7794
	7793
ʪ	7745
	7739
ǘ	7711
	7707
	7664
	7662
	7573
	7544
	7528
	7523
	7478
	7436
	7425
	7420
	7418
Ԙ	7348
	7316
	7301
	7289
	7277
	7248
	7226
	7168
	7159
Ț	7147
	7092
	7091
	7087
	7083
	7049
	7006
	6995
	6987
	6976
	6919
	6914
	6847
	6823
	6808
Ȫ	6786
	6774
	6768
	6752
	6748
	6703
	6693
	6688
Ȫ	6633
	6584
	6570
	6537
ʘ	6529
	6523
	6521
	6507
	6501
	6494
	6493
	6491
 	6469
	6467
	6464
	6461
	6445
	6445
ј	6429
	6428
Ț	6419
	6418
	6400
	6349
	6328
	6292
	6280
	6264
	6258
	6236
	6222
	6213
	6197
	6196
	6169
ǘ	6164
	6163
	6147
	6128
	6107
	6097
	6073
съ	6039
	6030
ј	6023
	6014
	6005
	5951
	5918
Ǎ	5906
	5877
	5872
ʪ	5860
	5800
	5793
ј	5791
	5751
Ȫ	5738
	5722
Ә	5715
	5684
	5674
	5639
ǁ	5632
я	5620
	5615
	5614
	5595
	5583
	5565
	5557
	5540
	5503
	5451
	5442
	5403
	5401
	5395
	5383
ј	5366
	5350
	5348
	5336
	5297
	5294
	5289
	5286
	5246
	5238
	5233
	5219
혪	5191
	5181
	5152
	5147
	5120
	5116
	5112
	5096
	5090
	5061
	5060
	5058
	5048
	5046
Ԙ	5039
	5017
	5009
	4983
	4983
	4976
	4975
	4962
	4938
	4937
	4933
	4931
ǚ	4929
	4919
	4916
	4915
	4900
	4899
	4896
	4893
	4889
	4876
	4858
	4857
	4855
Ϫ	4853
	4845
ј	4826
	4819
	4814
	4810
	4806
	4801
	4777
	4749
	4749
	4740
	4736
	4735
	4723
	4720
	4719
	4717
	4705
	4701
	4701
	4700
	4699
	4693
	4668
	4643
	4636
	4627
	4625
	4623
ǚ	4614
	4610
	4585
	4585
	4583
	4576
	4567
	4565
Ә	4546
	4533
	4531
	4527
	4524
	4516
	4516
јϐ	4509
	4506
	4501
	4495
	4487
	4481
	4477
	4471
	4415
	4414
ǟ	4410
	4407
	4405
	4404
	4396
	4357
	4350
	4344
	4343
	4343
	4342
	4315
	4308
	4301
	4300
혪	4284
	4284
	4282
Ǎ	4277
	4273
	4269
	4262
	4248
	4229
	4222
	4214
	4208
Ċ	4201
	4172
	4124
	4111
	4104
	4087
	4071
	4068
	4065
	4051
	4047
	4025
ъ	4013
ј	4005
	4004
	3999
	3996
	3984
	3970
ǘ	3968
	3968
	3957
	3950
	3947
	3945
	3944
	3927
	3917
	3915
	3911
	3910
	3907
	3906
	3902
	3899
ǟ	3878
	3877
	3877
	3869
	3860
	3856
	3852
	3849
ӊ	3842
	3840
	3838
	3829
	3816
	3808
	3807
	3792
	3792
	3788
	3776
	3776
	3775
͘	3771
	3747
	3733
	3730
	3726
	3718
	3718
ј	3714
	3711
ј	3708
	3671
	3665
	3664
 	3660
	3652
	3652
	3650
	3645
	3642
	3641
	3632
ʐ	3631
	3631
	3630
	3630
	3627
	3626
	3603
	3599
	3598
	3598
	3598
	3594
	3593
	3591
	3591
Ȫ	3584
	3581
	3581
 	3578
	3576
	3575
	3566
	3566
݊	3546
	3517
	3508
	3507
	3506
	3499
혪	3496
	3495
	3493
	3492
	3491
	3488
	3487
	3486
	3486
ǘ	3484
Ȫс	3476
	3474
	3469
	3453
	3450
Ǎ	3448
	3444
	3444
	3441
	3438
	3435
	3421
	3419
͘	3411
	3409
	3403
	3401
	3397
	3393
	3390
	3389
	3389
	3387
	3387
ј	3378
ǟ	3376
	3371
	3363
	3362
	3357
	3357
	3354
	3354
	3349
	3347
	3339
	3337
	3335
	3331
	3329
	3328
	3326
	3318
	3316
	3309
	3307
	3305
	3305
	3303
	3289
ǁ	3280
	3277
	3275
	3251
	3240
	3238
Ϫǘ	3235
	3231
	3230
	3225
	3222
	3221
	3217
	3217
	3207
И	3205
	3200
	3197
	3194
	3190
	3186
	3183
	3172
	3171
	3165
	3157
	3155
	3147
	3146
	3145
	3145
	3140
	3137
	3136
	3135
ǘ	3135
	3132
昊	3124
	3123
	3118
	3107
	3096
	3088
	3083
	3078
	3075
	3074
Ϫ	3064
	3061
	3056
	3051
э	3043
ʪ	3041
	3040
	3032
	3025
Ԙ	3020
	3019
	3018
	3014
	3004
	3003
Ӂ	2993
	2978
	2974
	2972
	2970
	2964
Ә	2963
	2963
ǘ	2958
	2948
	2947
	2945
ǟ	2927
	2926
	2922
	2918
	2918
	2911
 	2909
	2909
	2909
	2905
	2904
	2900
	2900
	2898
Ә	2895
	2886
	2885
	2880
Ԙ	2873
	2869
	2862
	2862
	2859
	2855
	2854
	2853
	2853
	2851
	2851
	2846
	2842
	2838
я	2835
	2819
	2816
	2816
	2806
	2802
	2801
	2792
	2791
	2788
	2785
	2783
	2782
	2781
͘	2780
	2779
	2779
	2778
	2777
	2775
	2770
	2769
	2762
	2762
	2759
	2758
	2758
䘪	2754
	2753
	2750
Ӎ	2749
	2747
	2743
	2743
	2740
	2733
	2729
	2729
	2728
	2722
	2721
	2721
ȍ	2714
	2703
	2697
	2696
	2695
ǁ	2694
	2691
	2689
	2684
	2683
Ӂ	2681
	2678
䐪	2677
	2677
	2669
	2657
	2655
	2651
	2647
Ԙ	2646
	2644
	2642
	2632
	2632
	2630
	2628
	2628
ј	2627
	2627
	2625
	2622
	2622
	2620
	2619
	2619
	2619
Ӂ	2617
	2616
	2615
	2613
	2612
	2605
Ɗ	2604
	2599
	2595
	2593
	2590
	2585
	2582
	2578
	2574
	2572
	2570
	2567
	2567
	2567
	2565
	2563
	2560
ѐ	2558
	2553
	2550
	2548
	2546
Ϙ	2544
	2540
	2540
	2538
ӊ	2533
	2530
	2529
	2527
ј	2523
̪	2514
ğ	2513
	2513
	2511
	2510
	2509
	2509
	2507
	2506
	2504
̪	2503
	2502
ј	2499
	2498
	2497
	2484
	2484
	2482
ǐэ	2481
	2481
	2481
	2481
ј	2480
	2479
	2476
	2476
	2471
ѐ	2462
	2461
	2458
	2455
	2455
	2451
	2450
	2448
ӊ	2444
ݘ	2443
	2440
	2438
	2430
	2424
	2424
	2418
	2411
	2408
	2408
	2408
	2407
	2406
	2404
	2403
	2403
	2399
	2391
	2388
	2387
̪	2386
	2379
	2377
	2375
ј	2372
	2370
	2367
	2366
	2362
	2361
	2358
	2358
ъ	2358
	2358
	2355
	2351
	2346
	2345
	2344
	2342
	2341
	2341
혊	2338
ǚ	2337
	2337
	2337
	2334
	2334
	2333
	2333
	2329
	2322
	2319
	2316
	2316
ǟ	2316
ǟ	2314
	2313
ǘ	2312
Ӂ	2310
	2306
	2306
	2304
	2298
ј	2298
	2295
	2294
	2293
ǘ	2293
	2292
	2291
	2291
	2287
	2285
	2285
	2283
 	2279
	2277
	2277
	2273
ǁ	2272
ј	2272
	2272
	2269
	2268
	2255
	2254
	2253
ӊ	2252
	2248
	2247
	2242
	2240
Ϫ	2236
	2235
	2231
	2231
	2227
	2222
	2220
퍪	2218
	2216
	2216
ᚘ	2215
	2213
ݘ	2213
	2201
	2199
	2198
	2197
ᘪ	2196
	2191
	2190
	2189
	2185
ǐ	2184
	2178
	2178
Ǌ	2177
	2177
	2176
	2175
	2172
	2171
	2170
͘	2168
	2166
	2165
	2163
	2158
	2155
	2155
	2153
	2151
	2149
	2149
съ	2145
	2145
	2145
	2142
	2136
	2131
	2126
	2126
	2120
	2119
	2116
	2114
	2113
	2112
	2110
	2106
	2106
	2106
 	2103
	2099
	2098
	2096
	2096
	2096
	2095
	2087
	2085
ğ	2085
	2081
	2081
	2081
ј	2080
	2080
Ԙ	2078
	2077
	2076
Ә	2076
	2075
	2073
	2072
	2071
	2070
	2068
	2067
	2066
	2066
	2065
	2065
	2064
	2062
	2060
	2058
	2057
	2055
	2052
	2049
	2048
	2040
	2038
	2035
	2034
	2033
	2029
	2025
	2024
	2023
	2023
	2021
	2018
	2018
	2018
	2017
Ϫ	2015
	2014
	2012
	2009
	2008
	2007
	2005
	2005
ǘ	1994
	1994
	1994
	1993
	1993
	1991
	1990
	1988
	1988
	1986
	1981
	1977
	1974
	1974
	1973
	1972
혪	1965
	1963
	1963
	1962
	1960
	1960
	1960
	1960
	1959
	1959
ј	1959
	1958
	1952
	1950
	1940
	1939
	1939
	1937
	1936
Ǌ	1933
	1928
	1928
ǘ	1926
	1926
	1923
	1921
	1921
	1919
	1918
	1914
	1913
	1911
	1910
Ȋ	1908
	1908
	1907
Ȫ	1906
	1906
	1905
	1905
	1902
	1899
	1899
	1898
	1897
	1896
	1896
	1894
	1893
	1893
	1890
ǁ	1890
 	1886
	1886
	1884
	1882
	1881
ʘ	1880
	1879
	1876
	1875
̪	1874
	1872
	1871
	1871
	1870
	1868
	1867
	1865
	1863
	1862
	1861
	1861
	1859
Ȫ	1858
	1857
	1855
	1855
	1854
э	1854
	1853
	1852
	1852
	1852
	1852
	1849
	1847
	1846
	1844
	1842
	1840
	1839
	1839
	1838
	1838
	1837
	1837
	1835
Ϫǘ	1835
	1835
	1832
	1827
	1824
	1824
	1824
	1823
	1823
	1822
	1820
	1820
	1818
 	1815
	1814
	1811
	1810
	1810
	1810
	1808
	1807
	1807
	1806
	1802
	1802
	1800
	1799
	1796
	1796
	1794
	1792
	1789
	1788
	1787
	1786
	1785
	1784
	1781
	1776
	1776
	1769
Ґ	1768
	1768
Ӛ	1768
	1765
	1763
͘	1762
	1762
	1761
	1760
ӊ	1758
	1753
 ϐ	1751
	1749
	1744
捪	1742
	1739
	1735
	1735
	1732
	1728
	1728
	1726
	1725
	1724
	1721
ԁ	1718
	1718
	1715
	1715
	1713
	1713
	1713
	1712
	1711
̊	1709
	1709
	1709
	1706
	1706
	1706
	1705
	1702
	1701
	1701
	1700
	1700
	1698
͘	1695
ӊ	1695
	1694
ᚘ	1694
	1693
	1688
ǘ	1683
	1683
	1683
ј	1681
ӊј	1681
혚	1680
ǁ	1680
	1679
	1679
	1675
	1672
	1671
	1671
	1670
	1669
	1669
	1668
ǘ	1668
	1668
	1664
	1660
	1659
	1658
	1653
	1652
	1652
	1648
ϐ	1644
	1642
	1640
	1640
튪	1639
	1637
	1636
Ә	1631
	1630
	1629
	1628
	1626
	1625
	1625
	1624
	1623
	1623
	1622
	1620
	1617
	1613
	1612
	1612
я	1609
	1608
	1608
	1607
	1606
	1606
	1604
	1603
	1602
	1602
Ӛ	1596
Ϙ	1595
	1594
	1594
	1593
	1592
	1591
	1591
	1588
	1588
	1586
	1586
	1585
с	1585
	1584
	1584
	1583
	1583
	1582
	1580
	1580
	1579
	1577
	1576
	1575
Ǎ	1574
	1573
	1572
	1572
	1569
	1569
ӊ	1567
	1566
	1565
	1564
	1562
	1560
	1559
	1559
Ԙ	1558
Ț	1556
 	1554
	1551
	1550
	1550
	1549
	1547
	1546
	1546
	1544
	1542
	1542
	1541
	1540
	1540
	1538
	1538
	1537
	1535
	1532
	1532
	1531
	1527
	1527
	1526
	1524
	1523
	1523
	1519
	1518
	1518
	1515
	1514
	1513
	1512
	1511
	1511
	1511
	1509
	1509
	1505
	1505
	1505
ј	1505
	1503
	1500
	1495
Ɗ	1494
	1492
͘	1491
	1490
	1487
	1487
ӊ	1483
	1483
̪	1482
 	1482
	1481
	1480
	1478
Ț	1476
튪	1476
	1476
	1476
	1474
	1468
	1468
	1466
	1464
	1464
	1463
	1463
	1463
	1461
Ԙ	1460
	1459
	1459
	1458
	1456
	1449
Ϫǘ	1449
	1447
	1447
	1446
	1446
̪	1445
	1443
	1443
	1441
	1440
	1440
	1438
	1436
	1436
	1435
ǘ	1435
	1434
 	1432
	1432
	1431
	1430
	1430
	1426
	1425
	1425
	1425
	1425
И	1423
	1422
	1422
	1422
	1421
	1420
	1419
	1417
ǟ	1417
	1416
	1416
	1416
	1415
	1412
	1412
	1411
	1410
ǚ	1410
	1410
	1409
	1408
	1407
	1406
	1405
	1404
	1403
	1401
ǘ	1400
	1400
	1400
	1399
ъ	1399
	1399
	1398
	1398
Ț	1397
Ԙ	1396
	1395
	1395
	1394
	1392
	1390
	1389
	1389
	1389
	1388
ј	1388
	1388
	1387
	1386
	1386
	1386
	1384
	1383
	1383
	1383
	1382
	1382
	1381
	1381
	1380
	1379
	1379
	1377
	1376
ʪ	1374
昊	1372
횪	1371
	1370
	1367
	1367
ʪ	1367
	1364
Ǌ	1362
	1361
	1359
	1357
ژ	1356
Ԙ	1353
	1352
	1351
	1351
	1350
	1349
	1348
	1348
	1348
	1346
	1346
	1345
	1344
	1344
	1342
	1334
	1334
	1333
	1332
	1331
	1329
	1328
	1328
	1328
	1327
	1327
	1327
	1326
ǚ	1325
	1322
	1321
͘	1320
	1320
Ӂ	1319
	1319
	1318
䘪	1314
ʘ	1314
	1314
	1313
	1313
	1313
	1312
	1312
	1311
	1309
	1307
	1306
	1306
	1304
	1304
ȍ	1303
	1302
	1301
	1300
	1299
	1298
	1298
	1296
	1296
	1295
	1295
ј	1294
	1294
	1291
	1289
	1288
	1288
	1286
	1286
	1286
ȍ	1285
	1285
	1284
	1283
	1283
	1283
Ҙ?	1280
	1280
	1279
Ȫ	1277
	1277
	1276
	1276
̪	1276
	1276
	1272
	1271
	1269
	1267
	1267
	1266
	1265
	1263
	1261
	1261
	1259
	1258
	1257
	1256
	1255
	1255
	1255
ϐ	1255
혪	1253
Ӂ	1253
	1253
	1250
	1250
	1249
ğ	1247
	1246
	1245
	1244
	1243
	1243
	1242
	1240
	1240
	1236
	1235
	1235
	1234
	1233
	1233
	1233
	1232
Ȫ	1231
	1231
	1231
	1229
	1228
	1228
	1225
ј	1224
	1223
혪	1222
	1222
	1222
	1221
	1221
	1221
ǟ	1219
	1219
	1218
	1218
	1217
ǘ	1216
	1216
	1214
	1214
	1214
	1214
	1213
	1213
	1213
	1213
	1213
	1212
	1210
	1209
	1208
	1207
	1206
	1205
	1205
ʪ	1205
	1204
 	1204
	1199
	1198
͘	1198
	1198
	1196
	1196
	1196
	1195
	1194
	1194
	1193
	1193
	1190
	1190
	1188
	1187
Ǌ	1186
	1185
	1185
	1184
	1183
	1183
	1183
	1182
	1181
	1179
	1177
	1177
	1174
	1174
	1173
ǘ	1172
	1172
	1172
ǟ	1170
	1170
	1169
	1169
	1166
	1164
	1163
Ǌ	1162
	1162
	1161
	1159
	1158
	1154
	1153
	1153
	1153
ј	1151
	1151
	1149
	1148
혊	1148
	1148
	1147
	1146
Ԙ	1146
	1146
	1144
ᘪ	1143
	1141
	1140
	1139
	1139
	1138
	1137
	1137
	1137
ǘ	1135
	1135
	1135
	1135
	1135
	1134
	1134
	1133
	1133
	1132
	1130
	1129
	1128
	1128
ǘ	1127
	1125
ፘ	1125
	1123
	1122
	1118
	1117
	1116
	1115
	1114
	1113
	1113
	1112
ј	1112
	1112
	1111
͘	1111
	1110
	1110
	1109
	1106
	1106
	1104
	1104
	1102
	1102
	1102
	1100
	1099
	1099
	1099
	1098
䘪	1097
	1097
	1097
	1096
	1094
	1092
	1092
	1091
	1090
	1089
	1089
	1088
	1086
	1086
䘚	1086
	1086
	1085
	1085
	1085
	1085
Ȫ	1084
	1084
	1081
	1081
	1080
	1078
	1078
	1078
	1077
	1077
	1077
	1075
	1075
	1075
	1074
	1074
	1074
	1074
	1073
Ț	1072
ј	1072
	1072
	1071
	1070
	1069
	1068
	1067
	1066
	1066
	1066
	1065
ȍ	1065
	1064
ǘ	1064
	1063
	1063
	1062
	1060
 	1060
 	1060
	1059
	1058
	1058
	1058
	1057
ǟ	1056
	1056
	1056
	1056
	1055
	1055
̪	1055
	1053
	1053
	1053
	1052
	1051
	1050
	1050
	1049
Ә	1049
	1049
	1048
	1048
	1047
	1047
	1046
	1046
	1043
	1043
	1043
	1042
	1042
ӊ	1041
	1040
	1040
	1040
	1040
 	1037
	1036
	1035
	1035
	1035
	1033
	1033
	1032
	1032
	1032
	1031
	1028
	1027
Ȫ	1026
	1026
Ә	1026
	1025
	1025
ј	1023
	1023
	1022
	1021
	1020
	1018
	1017
ᚘ	1017
	1016
	1016
	1015
	1015
	1015
	1014
	1014
	1013
	1013
	1012
	1011
	1011
	1010
ӊ	1010
	1009
ǘ	1008
	1007
	1006
	1006
	1006
	1006
	1006
	1006
͘	1005
	1005
	1003
	1001
	1001
	1000
	1000
ѐ	998
	998
	997
	997
	997
я	996
	996
	996
	994
	994
	993
	991
	990
	990
	989
	987
	986
Ǐ	986
	984
ʪъ	983
	983
̊	982
	982
혊	981
	981
ʪ	980
ᘪ	979
	979
	977
	977
	976
	975
	975
	975
	974
ᚘ	974
	974
	973
ǟ	973
	972
	970
	970
	968
	967
Ȫ	966
Ϫ	966
	966
	966
	965
	964
	964
	963
	963
Ӑ	963
	962
	962
	962
	961
ǚǟ	961
	961
	959
	959
	959
	959
	957
	957
	956
	955
Әъ	955
	954
	954
	953
ӊ	952
	952
	951
	950
	949
	949
	949
	948
	948
	948
Ԙ	946
	946
	945
	945
	945
	945
	945
	945
	944
ј	944
	944
	944
	943
	943
	943
	942
	942
	941
	941
	939
	937
	937
	936
	936
	935
Ә	934
	934
	933
	932
	932
ʪ	932
	932
	931
	931
ј	930
	929
ȍ	929
	929
ъ	929
	927
ǟ	924
	923
	923
	923
	922
	922
	919
	919
	915
	915
	914
	914
	914
	913
	912
	911
	910
ǘ	909
	908
	908
	907
	907
	907
	907
	906
	905
ȍ	905
	905
	904
͘	903
	903
Ǌ	902
ǁ	902
	902
	901
	901
	901
ᘪ	901
ѐǟ	898
	898
	898
	897
	897
	897
ʪ	896
	896
	895
	895
	895
	894
	894
	894
	894
	893
ʪ	893
	893
Ȑ	892
Ȫ	892
ʪ	892
	891
	891
	891
	891
	890
	888
	887
	887
ᘪ	887
	887
	887
ӊ	887
	887
ӊ	885
	885
ǐ	885
	885
	884
	883
	883
	883
	882
	881
	881
	879
Ӂ	879
	879
	876
	875
	875
	875
̐	874
	873
	873
	873
ǘ	873
	873
	871
	871
ӊ	870
	870
	870
	869
	869
	869
	869
	868
	868
	868
	868
	868
	867
	867
	867
	866
	866
	865
	865
	864
 	864
	863
	862
	861
	861
	860
Ԙ	860
	859
	859
	859
	857
	857
	856
	856
	856
	856
	856
	856
	855
	855
	854
	854
э	854
	854
	853
	853
	852
	852
	851
	851
	849
	849
с	849
	848
	848
	847
	847
	847
с	847
	847
	847
	846
	845
	845
	845
	844
	844
ǁ	844
	843
	843
昊	843
ǐ	842
	842
	841
	841
	840
	840
	839
	838
	838
	837
	837
	836
ǐ	835
	835
	835
	835
	834
	834
	833
	832
	832
	832
	832
ʪ	831
	831
Ȫ	830
	830
	830
	829
	829
	828
	828
	828
	827
Ӂъ	827
ȍ	826
	826
	825
	825
	825
	824
	824
	824
Ԑ	823
	823
	823
	823
	821
̪	821
	821
	821
	820
	820
	819
ъ	818
	818
	818
	816
	815
	815
	815
ǚ	813
	812
	812
	812
	811
	811
	811
я	809
	808
	807
	807
	807
	806
	805
	805
	804
	804
	803
	803
혪	802
	802
	801
	800
	800
	800
	799
	797
	796
	796
	794
	794
	794
	794
	792
	792
	792
Ӎ	792
	792
	792
	792
	791
	791
	791
	791
	790
	790
	789
͘	788
	788
	788
	787
	787
	786
	785
Ӂъ	785
	783
	783
	782
	781
	780
ʘ	780
	779
	778
	777
	777
	777
	777
	776
	776
	776
	776
	776
	775
	775
	774
	774
	774
	773
	773
	773
	772
 И	772
	772
	772
	771
	771
	770
	770
	770
	770
	769
	769
	769
	768
	768
	767
	766
	766
	765
	765
	765
	765
	764
Ǌ	764
	764
	763
	763
ȍ	762
	762
혪	762
	762
	762
	761
	761
	761
	761
	760
	760
	760
	759
	758
	758
	757
	756
	756
	756
	756
	755
	755
	755
?	754
	754
	753
	752
	751
	751
	751
	751
	750
抪	750
	750
Ϫ	749
	749
	749
	749
	749
	747
ј	747
	746
	746
	744
	743
	742
	740
ӊ	739
ǟ	739
	739
	739
	738
	738
	737
	737
	737
	737
	737
	736
	736
	736
	735
	735
	734
	734
	733
	733
	733
	732
	732
	731
͘	731
	731
	730
ӊ	730
	730
	729
	729
	729
	728
	728
	728
ӊ	728
	727
ǘ	727
	726
	726
 	725
	725
	725
	725
	723
	723
	722
Ϙ	722
ӁǊ	722
	722
	721
	721
	721
	720
ǘ	719
	719
	718
Ϙ	718
	718
	717
ᘪ	717
	717
ӊ	717
	716
	716
	715
	715
	715
	714
	713
	713
	713
	712
	711
	711
Ԙ	711
э	711
	711
Ҙ	710
	709
	709
	709
ʪ	708
	708
	708
	708
	707
	707
	707
	706
Ǌ	706
	706
	706
ѐ	706
ǘ	704
	704
Ϫ	704
	704
	704
	703
	703
	703
	702
ʪ	702
	702
Ǌ	701
	701
ъ	701
	700
	700
	699
	698
ȍ	697
	697
	697
	697
	697
	697
	696
	696
	695
	695
	695
	695
	695
	694
ژ	694
	693
	693
	693
	693
	693
	691
	691
	691
	690
	690
	690
Ǌ	689
	689
	689
	688
	688
	688
ȁ	687
	687
	687
	686
	686
	686
	685
	684
	684
ǟ	684
	684
	684
	683
	682
	682
	682
	681
	681
	681
	681
	680
	679
	679
	678
Ә	678
	677
	677
	677
ј	676
ӊ	676
	676
	676
	676
	675
	674
	674
	674
	673
Ȫ	673
Ϫ	673
	672
	672
	672
ј	672
	672
ϐ	671
	670
	669
	669
	669
	669
	668
	668
	668
	668
ǘ	667
	667
	667
	667
	666
Ґ	666
	666
	666
	665
ӊ	665
	665
	664
ʪ	664
	663
	663
	663
Ԙ	663
	663
	663
	662
ъ	662
	662
	661
	661
㍪	661
	660
	660
ğ	659
	659
	657
	657
	657
	657
	657
	657
	657
	656
	656
	655
	655
	655
	655
	654
	654
ǘ	654
	653
	653
ј	653
	652
	652
Ӂ	651
	651
	651
	650
я	649
	649
	649
	649
	649
	648
	648
	648
	647
	647
	647
	646
	646
	646
Ӂ	646
Ș	645
	645
	645
	644
	644
	644
Ӛ	644
Ә	643
	643
	642
	642
	641
	641
	641
	641
	641
	641
	639
	639
	639
	638
	638
	638
	638
	637
	637
	637
ӊǘ	636
ј	636
	636
	636
	636
	635
ʪ	635
	635
	635
	635
	635
	635
	634
	634
	634
	634
	634
	634
	634
	633
튪	633
	633
	633
	633
	632
	631
	631
ǘ	630
	630
	629
	627
	627
ǘ	626
	626
	626
	626
	625
	625
	625
	625
	625
	625
ј	624
ǟ	623
̐	623
	623
	623
	623
	623
	622
	622
Ȫ	621
	621
	621
	620
Ț	619
	619
	619
	619
Ȫ	618
	618
	618
	618
ᚘǟ	618
	618
	617
	617
	617
	617
	617
	617
	616
	616
	616
	616
Ϙ	615
	615
	615
	614
	613
	613
	613
	613
	613
	613
	613
 	613
ӊ	612
	612
Ҙ	612
	611
	611
	610
	610
	610
с	610
	609
ъ	609
	609
	609
	609
	609
	609
	609
	609
Ț	608
	608
ј	608
	608
	608
	607
	607
	607
	607
	606
	606
	606
	606
	605
	604
	604
	603
 	603
	602
	602
	601
	601
	600
	599
	599
Ϙ	599
Ӂ	599
	599
	599
	598
	598
	597
	597
	596
	596
	596
	596
	596
	596
	596
	596
	595
	594
	594
	594
ѐ	593
	592
	591
	591
ǁ	590
	590
	589
	589
	589
	589
	588
	588
ǘğ	588
혊	587
	587
	587
	587
Ӂъ	586
	586
	585
 	585
	585
Ϫ	584
	584
ǁ	584
	583
	583
	582
	582
	582
	581
	581
Ӂ	580
	580
я	580
	580
	580
	579
	579
	579
	579
	579
	579
	579
ǘ	578
	578
	578
Ȫ	577
	577
	576
	576
	576
	576
	576
	575
ǘ	575
	575
	575
	575
	574
	574
	574
	573
ǚ	573
	573
	573
	573
	572
	572
	571
	571
	571
Ӎ	570
	570
ğ	570
	570
	570
	569
	569
Ȫ	568
	568
	568
	568
	567
Ϙ	567
ӊ	567
	567
	567
	567
	566
ʘ	566
	565
Ȫ	565
	565
	565
	564
	564
	564
	564
	564
	564
	563
	563
	563
ӊ	562
	562
	562
	562
	562
	562
	561
	560
	560
	559
	559
	559
	559
	558
	557
	557
	557
	557
	557
	557
	556
	556
И	555
	555
	555
	555
	555
	554
	554
	554
	554
	553
Ȫǐ	553
	553
	553
	553
	552
	552
	552
	552
	551
̪	551
Ӂ	551
	551
ѐ	550
	550
혪	550
	550
	549
݊	549
	549
	549
	549
	548
	548
	548
Ϫ	547
	547
	547
	547
	546
	546
	546
	546
	546
	546
	546
	546
	545
	545
	545
	544
	544
	544
	544
	543
ӊ	543
	543
	542
 	542
Ȫ	541
	541
	541
	541
	541
	541
	540
	540
	540
	539
	539
	539
	539
	538
	538
	538
ݘ	538
	538
ϐ	538
	537
	537
	537
	536
	536
	536
	535
	535
ъ	535
	535
	535
	534
	533
Ӂ	533
	533
ǚ	532
	532
	532
	532
 	532
	531
	531
	531
	531
ǘ	531
	530
	530
Ȑ	530
	530
	530
	529
	529
	529
	529
	528
	528
	528
	528
	528
	527
	527
	527
	527
	527
	526
Ӂъ	526
	526
	526
	526
	526
	525
	525
݊	525
	525
	525
	524
	524
	524
	523
	523
Ϫ	522
	522
	521
	521
	521
	521
Ǌ	520
̚	520
	520
	520
	519
	519
	519
	519
혊	518
ǟ	518
	518
	518
	517
̪	517
	517
	516
	516
	516
	516
	516
	515
	515
	515
	514
	514
	514
	514
ǐ	514
	513
	513
 	512
	512
ϐ	512
	512
	511
	511
	511
	511
	510
	510
	510
	509
	508
ӊ	508
Ϫ	507
	507
	507
	506
	506
	506
	506
혊	505
	504
	504
ᚘ	504
ğ	504
혊	503
	502
Ȫ	502
	502
	502
	502
	502
	502
	501
	501
	501
	501
	500
	500
ϐ	500
	500
	500
	500
	499
	499
	499
Ǌ	498
	498
	498
	498
	498
	498
	497
ǘ	497
	497
с	497
	496
	496
	496
	496
	496
	495
	495
	495
	494
	494
ϐ	494
	494
ǘ	494
	493
	493
	492
	492
Ȫ	492
ϐ	492
	492
	491
	491
	491
	491
	491
	490
	490
	490
	490
	490
	490
	489
ȍ	489
ǘ	488
Ț	488
	488
	488
	488
	488
	488
	487
	487
	487
	487
	486
	486
	486
	486
	486
	486
 	486
	485
	485
ʪ	485
	484
	484
	484
͘	484
	484
ъ	484
Ȫ	483
	483
	483
	483
	483
͘	482
ӊ	482
	482
	482
	481
혊	481
Ǌ	481
Ϫ	481
	481
	481
	480
	480
	480
	480
	480
	480
	479
	479
	479
̪	479
	479
ǟ	478
	478
	478
	478
	478
	478
	477
	477
	477
 	476
с	476
	476
	475
	475
	475
ǟ	475
	475
	474
ъ	474
	474
	473
	473
ъ	473
	473
	473
ʪ	472
Ҙ	472
	472
	472
	471
	471
捪	471
	471
	471
ϐ	471
	471
	471
	471
	471
	470
ϐ	470
	470
	470
	470
Ә	469
	469
	469
	468
	468
	468
	467
	467
	467
	467
	467
	466
	466
	466
	466
	466
	466
ᘚ	466
	466
	465
Ǐ	465
	465
	465
	465
ǟ	464
	464
	464
	463
	463
	463
	463
	463
	463
Ȫ	462
ʪ	462
	462
	462
	462
	461
	461
	461
	461
	460
	460
	460
	460
	460
㘪	460
Ϙ	459
	459
	459
	459
	458
	458
	458
	458
	457
	457
	457
	457
	457
	457
	457
	456
	456
	456
	455
	455
	455
	455
	455
	454
	454
	454
	454
Ӂ	453
	453
Ǌ	453
ǊƊ	453
	453
	452
	452
	452
	452
	452
	452
	452
	452
ѐ	451
	451
	451
	450
	450
	450
	450
	449
	449
	449
	449
	448
Ґ	448
	448
	448
	448
	448
	448
	448
	447
	447
Ț	447
ǟ	447
	447
ǘ	447
ј	447
	446
	446
	446
ǐ	446
	445
	445
	445
	445
Ǌ	444
	444
ј	443
	443
	443
ј	443
	443
	443
	443
	443
ǘ	443
暪	442
	442
̪	442
Ȫ	442
	442
	442
	442
	442
	441
	441
	441
	441
ǟ	440
	440
	439
	439
	439
	439
	438
	438
	438
	438
	437
	437
	437
	437
	437
	437
	437
	437
	436
	436
	436
	436
	436
Ә	435
폊	435
	435
	435
	435
	435
	435
ǐ	434
	434
	434
	434
	434
	434
	434
ǟ	433
̪	433
	433
	433
Ԙ	433
	432
	432
	432
	432
	432
	432
튪	431
	431
	431
 	431
	431
	430
	430
	430
	430
	430
	430
	430
	430
	429
	429
	429
	428
	428
	428
	428
ј	428
	428
	428
Ǌ	428
	427
	427
	427
Ϙ	427
Ϙ	427
	427
݊	427
	427
	426
	426
	426
ǘ	426
	426
	426
ӊ	426
	425
ʪ	425
	425
	425
	424
	424
	424
	424
혪	424
	424
	424
	424
ӊ	424
ϐ	424
	424
	423
Ә	423
	423
	423
	423
	423
	422
	422
	422
ϐ	422
	422
	422
	422
	421
	421
	421
	421
	420
	420
	420
	420
	420
ј	420
	420
	419
	418
	418
	418
ӊ	418
	418
	417
	417
	417
	417
	416
	416
	416
ǟ	416
	415
	415
	415
	415
	415
݊	415
	415
	415
	415
	415
Ә	414
	414
	414
	414
	413
Ț	413
	413
	413
	413
	412
	412
	412
	412
	412
	412
Ә	412
	412
	412
	412
 	411
	411
	411
	411
	411
	411
	410
	410
	410
	410
	410
	410
	409
	409
	409
	409
	409
	409
	409
	409
ፘ	409
	409
	408
ǟ	408
	408
Ɗ	408
	407
	407
	407
	407
	407
	407
	407
͘	407
	406
	406
	406
	406
	405
	405
	405
ϐ	404
	404
	404
	404
혪	404
ъ	404
	404
	404
	404
	404
	404
	403
	403
	403
 	403
ǘ	402
	402
	402
ǁ	402
	402
	402
Ә	402
	402
ј	401
	401
	401
	401
	401
ʪ	400
	400
	400
	399
	399
	399
	398
ǘ	398
	398
	398
	398
	398
 	397
	397
	397
	397
	397
	397
	397
ӊ	397
	397
	397
	396
	396
	396
ӊǘ	396
	396
я	395
	395
	395
	395
Ӎ	395
	394
	394
̪	394
	394
	394
Ӂ	394
	393
ȍ	393
	393
	393
	393
	393
	393
	393
	393
	393
	392
	392
	392
	392
	392
	392
	392
	392
	391
	391
	391
	391
	390
	390
	390
	390
 	390
	390
	390
	390
	390
 ъ	390
Ϫ	389
	389
	389
	389
	389
	389
	389
	389
	389
	389
	388
	388
	388
	388
	388
	388
ʪ	388
	388
	387
	386
	386
 	386
	386
	386
	386
	385
	385
	385
	385
	385
	384
 	384
	384
	384
 	384
	384
	384
	384
	383
	383
	382
	382
	382
	382
	382
	382
	382
	382
	382
	381
	381
̪	380
	380
	380
	379
	379
	379
	379
혪	379
	379
	379
	378
	378
ǘ	378
	378
Ϫ	378
	378
	378
	378
Ȫ	377
	377
	377
ǁ	377
	377
ъ	377
я	376
	376
̪	376
	376
	375
	375
	375
	375
	375
	374
	374
Ӎ	374
	374
	374
	374
	373
	373
ǁ	373
	373
	372
	372
ǘ	372
	372
	372
	371
	371
	371
	371
	371
	371
	371
	371
	371
	371
	371
	371
	370
	370
	370
	370
	370
	370
ӊ	370
ъ	369
	369
	369
	369
	369
	369
	369
	368
	368
	368
	368
	368
	368
	368
	368
	368
	367
	367
	367
	367
	367
	367
	367
	367
	366
	366
	366
	366
	366
	366
ǘ	366
	365
	365
	365
	365
	364
	364
	364
	364
	364
	364
	363
	363
ъ	363
튪	363
	363
	363
ʪ	363
	363
	363
	362
	362
	362
 	362
	362
	361
	361
	361
	361
	361
	361
̘	361
Ǌ	360
	360
ǘ	360
	360
	360
	360
	360
	360
	359
	359
	359
	359
	359
	358
Ә	358
	358
	358
	358
	358
	358
	358
	358
	358
ᘪ	358
	358
	358
	357
	357
ј	357
	357
	357
ǘ	357
	357
혊	357
	357
	356
	356
	356
	356
̚	356
Ӂ	356
	356
	356
	356
	355
	355
	355
	355
	355
Ԙ	355
	355
ʐ	355
	354
Ӂ	354
	354
	354
	354
	354
ʪ	354
	354
	353
	353
	353
	353
	353
	353
	353
	353
	352
Ȫ	352
큊	352
	352
	351
	351
	351
	351
	351
ј	351
	351
	351
Ǌ	351
	351
	350
	350
	350
	350
	350
я	350
ǟ	350
	350
	350
	350
	349
	349
	349
	348
	348
	348
	348
	348
	348
	348
	348
	347
	347
	347
	347
	347
	347
	346
	346
	346
	346
	346
 	346
	345
	345
	345
	345
	344
	344
	344
	344
	344
	344
	344
	344
Ә	343
	343
	342
	342
̪	342
	342
	342
	342
	342
	342
	341
̪	341
	341
ژ	341
	341
	341
	340
	340
	340
	340
	340
	339
	339
	339
	339
	339
ӊ	338
Ǌ	338
	338
	338
	338
	337
	337
	337
	337
Ӂъ	337
	337
 	337
	337
	337
	337
	337
Ϫ	336
ǐ	336
	336
	336
	336
	336
 	335
	335
	335
	335
	335
	335
	335
	335
	335
	334
	334
	334
	334
	334
	333
	333
	333
	333
	333
	333
	333
Ǌ	333
	333
	333
	332
	332
	332
ǁ	332
	332
	332
	332
	332
	331
Ǌ	331
	331
ǘ	331
	331
	331
	331
	331
	331
	331
ј	331
	331
	331
	331
	331
	331
	331
	331
	331
	330
	330
 	330
	330
	330
	330
	330
	329
	329
	329
	329
	329
	329
	328
Ϙ	328
	328
	328
	328
	328
ǁ	327
съ	327
	327
	327
	327
	327
	327
	326
	326
Ɓ 	326
	326
	326
	326
	326
	326
	326
	326
	326
Ә	325
Ϫ	325
Ɗ	325
	325
	325
ӊ	325
	325
	324
	324
	324
	324
	324
 	324
	324
	324
	324
 	324
	324
	324
	324
	324
	324
 	324
	324
	323
Ӎ	323
	323
	323
	323
	323
	322
Ȫ	322
	322
Ϫ	322
	322
	321
	321
	321
	321
	321
	321
	321
	321
	321
	321
	321
	321
	321
	320
ȍ	320
с	320
	320
	320
̪	320
Ә	320
	320
	320
	319
	319
	319
	319
	319
	319
	319
ϐ	319
	319
	318
	318
	318
͘ǟ	318
	318
	318
ǘ	318
	317
	317
э	317
	317
	317
	316
ǘ	316
ј	316
	316
	316
	316
	316
	316
	316
	316
	315
	315
	315
	315
ǐ	315
ǚ	314
	314
	314
ď	314
	314
	314
	314
	314
	314
	314
ј	314
	314
	314
	314
	314
	313
̪	313
	313
Ϫǟ	313
ǘ	313
	313
	313
	313
	313
	313
	313
	313
ѐ	313
	313
	313
	313
	312
	312
	312
	312
Ϫ	312
	312
	312
 	312
	312
	312
	312
	311
	311
	311
 	311
ϐ	311
	311
	311
Ӂ	310
	310
	310
	310
	310
	310
	310
ј	310
	309
	309
	309
	309
	309
	309
	309
	309
	309
	309
ӊ	308
	308
	308
	308
	308
	308
	308
	308
	308
	308
	307
	307
 	307
Ϫ	307
	307
	307
	307
	307
	306
	306
	306
	306
	306
Ҙ	306
	306
	306
	306
	306
	306
	306
	306
	305
	305
	305
Ϙ	305
Ϫ	305
	305
	305
я	305
	305
	305
ј	304
	304
ǘǟ	304
	304
	304
	304
	304
	304
	304
	304
	304
	304
	303
	303
	303
Ϫ	303
	303
	303
	303
ј	303
	303
ӊ	302
	302
	302
	302
	302
	302
	302
	302
	302
я	302
	302
	302
я	301
ʪ	301
	301
	301
ǘ	301
	301
	301
	301
	301
	301
	301
	300
Ǐ	300
	300
	300
	300
	300
	300
ј	300
	299
	299
	299
Ȫ	299
	299
	299
	299
	299
	299
	299
	299
	298
ǟ	298
Ȋ	298
	298
	298
	298
	298
	298
	297
	297
ӊя	297
	297
ӊ	297
	297
	297
ǘ	297
	296
ȍ	296
	296
	296
	296
ј	296
	296
ӊ	296
	296
ӊ	295
Ӂ	295
	295
	295
	295
	295
	295
	295
Ϫǟ	295
	295
	295
	295
	295
	295
	295
јǁ	295
	294
	294
	294
	294
ѐ	294
	294
	294
	294
ǁ	294
ʘ	294
	293
Ϙ	293
	293
	293
	293
	293
	292
ϐ	292
	292
	292
	292
	292
	292
 	292
	292
	292
	291
	291
	291
	291
ğ	291
	291
	291
	291
͘	290
	290
	290
	290
	290
Ϙ	290
	290
	290
ǟ	290
ǁ	290
	290
	290
	290
	290
	289
	289
	289
	289
	289
	288
Ǐ	288
	288
	288
	288
ǟ	288
ǟ	288
횪	288
	288
	288
ӊ	288
	288
ǘ	288
	288
	287
	287
Ґ	287
	287
	287
	287
	287
Ɗ	287
	287
	287
	286
ݘ	286
	286
	286
	286
	286
	286
 	286
	285
Ț	285
	285
	285
̪	285
	285
	285
	285
	285
	285
	284
	284
	284
	284
	284
	284
	284
ʘ	284
	284
	284
	283
Ә	283
	283
ǘ	283
	283
	283
 	283
	283
	283
	283
	283
	283
ǁ	283
	283
	283
	283
	282
	282
	282
я	282
	282
	282
	282
	282
	282
	282
	281
	281
ǘ	281
Ǌ	281
	281
	281
	281
	281
	281
	281
Ӂ	281
 	281
	281
	281
	281
Ȫ	280
	280
ǟ	280
	280
	280
	280
	280
	280
 	280
	280
	280
혊	279
	279
	279
	279
	279
	279
	279
	279
Ӂ	279
	278
	278
	278
	278
	278
	278
	278
	277
혪	277
	277
	277
혍	277
	277
	277
	277
	277
ǚ	276
	276
	276
	276
̪	276
	276
Ԋ	276
	276
	276
	275
	275
	275
	275
	275
	275
	275
	275
	275
	275
	275
	275
	274
ӊ	274
	274
	274
Ȫ	274
Ȫ	274
Ϫǘ	274
	274
혊	274
 	274
	274
	274
	274
	274
	274
	274
	274
	273
	273
	273
	273
	273
	273
	273
	273
Ɗ	273
	273
	273
	273
	273
	273
	273
Ӂ	272
	272
ʪ	272
	272
	272
	272
	272
	272
